0 0.34065934065934067 0.39743589743589747 0.40109890109890106 0.39743589743589747 0.40109890109890106 0.4377289377289378 0.34065934065934067 0.4377289377289378
0 0.4358974358974359 0.36446886446886445 0.4761904761904761 0.36446886446886445 0.4761904761904761 0.39926739926739924 0.4358974358974359 0.39926739926739924
0 0.43956043956043955 0.4139194139194139 0.4945054945054946 0.4139194139194139 0.4945054945054946 0.4578754578754579 0.43956043956043955 0.4578754578754579
0 0.5970695970695971 0.5439560439560439 0.6538461538461539 0.5439560439560439 0.6538461538461539 0.5860805860805861 0.5970695970695971 0.5860805860805861
0 0.43772893772893773 0.152014652014652 0.489010989010989 0.152014652014652 0.489010989010989 0.20146520146520147 0.43772893772893773 0.20146520146520147
0 0.44505494505494503 0.2509157509157509 0.49267399267399264 0.2509157509157509 0.49267399267399264 0.31135531135531136 0.44505494505494503 0.31135531135531136
0 0.510989010989011 0.21062271062271062 0.5860805860805861 0.21062271062271062 0.5860805860805861 0.2490842490842491 0.510989010989011 0.2490842490842491
0 0.5384615384615384 0.28205128205128205 0.6007326007326007 0.28205128205128205 0.6007326007326007 0.3205128205128205 0.5384615384615384 0.3205128205128205
0 0.5989010989010989 0.24358974358974358 0.6428571428571428 0.24358974358974358 0.6428571428571428 0.29304029304029305 0.5989010989010989 0.29304029304029305
0 0.5824175824175825 0.13553113553113552 0.6282051282051282 0.13553113553113552 0.6282051282051282 0.17399267399267396 0.5824175824175825 0.17399267399267396
0 0.6153846153846154 0.0695970695970696 0.7014652014652015 0.0695970695970696 0.7014652014652015 0.14285714285714285 0.6153846153846154 0.14285714285714285
