0 0.18769230769230766 0.15018315018315018 0.21328671328671325 0.15018315018315018 0.21328671328671325 0.20146520146520147 0.18769230769230766 0.20146520146520147
0 0.262037962037962 0.2893772893772894 0.28275724275724273 0.2893772893772894 0.28275724275724273 0.33150183150183143 0.262037962037962 0.33150183150183143
0 0.301038961038961 0.33150183150183143 0.3266333666333667 0.33150183150183143 0.3266333666333667 0.3791208791208791 0.301038961038961 0.3791208791208791
0 0.3376023976023976 0.36813186813186816 0.3631968031968032 0.36813186813186816 0.3631968031968032 0.4212454212454212 0.3376023976023976 0.4212454212454212
0 0.4082917082917083 0.3516483516483516 0.4277922077922077 0.3516483516483516 0.4277922077922077 0.4102564102564102 0.4082917082917083 0.4102564102564102
0 0.41560439560439555 0.7326007326007324 0.4472927072927072 0.7326007326007324 0.4472927072927072 0.7912087912087912 0.41560439560439555 0.7912087912087912
0 0.5216383616383615 0.6923076923076923 0.5508891108891109 0.6923076923076923 0.5508891108891109 0.7435897435897437 0.5216383616383615 0.7435897435897437
0 0.5642957042957042 0.7252747252747253 0.5935464535464535 0.7252747252747253 0.5935464535464535 0.7930402930402929 0.5642957042957042 0.7930402930402929
0 0.3156643356643356 0.5970695970695971 0.35832167832167827 0.5970695970695971 0.35832167832167827 0.6428571428571429 0.3156643356643356 0.6428571428571429
0 0.2364435564435564 0.6813186813186813 0.26935064935064934 0.6813186813186813 0.26935064935064934 0.7344322344322345 0.2364435564435564 0.7344322344322345
0 0.23278721278721273 0.47985347985347987 0.2571628371628371 0.47985347985347987 0.2571628371628371 0.5274725274725275 0.23278721278721273 0.5274725274725275
0 0.26935064935064934 0.48534798534798534 0.2961638361638361 0.48534798534798534 0.2961638361638361 0.5476190476190477 0.26935064935064934 0.5476190476190477
0 0.5204195804195804 0.5311355311355311 0.5435764235764236 0.5311355311355311 0.5435764235764236 0.5604395604395604 0.5204195804195804 0.5604395604395604
0 0.6313286713286712 0.2216117216117216 0.6617982017982017 0.2216117216117216 0.6617982017982017 0.27472527472527475 0.6313286713286712 0.27472527472527475
0 0.5825774225774225 0.27289377289377287 0.619140859140859 0.27289377289377287 0.619140859140859 0.315018315018315 0.5825774225774225 0.315018315018315
0 0.47166833166833155 0.23076923076923075 0.5045754245754245 0.23076923076923075 0.5045754245754245 0.27472527472527475 0.47166833166833155 0.27472527472527475
0 0.4229170829170828 0.24358974358974356 0.457042957042957 0.24358974358974356 0.457042957042957 0.3021978021978022 0.4229170829170828 0.3021978021978022
0 0.2035364635364635 0.31868131868131866 0.23278721278721273 0.31868131868131866 0.23278721278721273 0.34615384615384615 0.2035364635364635 0.34615384615384615
0 0.22669330669330667 0.23626373626373623 0.2510689310689311 0.23626373626373623 0.2510689310689311 0.27472527472527475 0.22669330669330667 0.27472527472527475
0 0.5886713286713287 0.6263736263736264 0.6093906093906093 0.6263736263736264 0.6093906093906093 0.6868131868131868 0.5886713286713287 0.6868131868131868
