0 0.48751248751248744 0.6245421245421245 0.5216383616383614 0.6245421245421245 0.5216383616383614 0.7014652014652014 0.48751248751248744 0.7014652014652014
0 0.48751248751248744 0.7527472527472527 0.5277322677322677 0.7527472527472527 0.5277322677322677 0.8113553113553114 0.48751248751248744 0.8113553113553114
0 0.5886713286713287 0.7564102564102563 0.641078921078921 0.7564102564102563 0.641078921078921 0.8424908424908425 0.5886713286713287 0.8424908424908425
0 0.5496703296703296 0.6318681318681318 0.5764835164835164 0.6318681318681318 0.5764835164835164 0.6996336996336997 0.5496703296703296 0.6996336996336997
0 0.524075924075924 0.5128205128205128 0.546013986013986 0.5128205128205128 0.546013986013986 0.5805860805860806 0.524075924075924 0.5805860805860806
0 0.6288911088911088 0.6062271062271062 0.673986013986014 0.6062271062271062 0.673986013986014 0.6868131868131868 0.6288911088911088 0.6868131868131868
0 0.6776423576423576 0.6446886446886446 0.7202997002997001 0.6446886446886446 0.7202997002997001 0.6868131868131868 0.6776423576423576 0.6868131868131868
0 0.6825174825174823 0.7509157509157509 0.7202997002997003 0.7509157509157509 0.7202997002997003 0.8223443223443223 0.6825174825174823 0.8223443223443223
0 0.7324875124875124 0.7454212454212454 0.7702697302697302 0.7454212454212454 0.7702697302697302 0.8131868131868132 0.7324875124875124 0.8131868131868132
0 0.7788011988011987 0.7527472527472527 0.8202397602397603 0.7527472527472527 0.8202397602397603 0.8315018315018314 0.7788011988011987 0.8315018315018314
0 0.8702097902097902 0.7527472527472527 0.9092107892107892 0.7527472527472527 0.9092107892107892 0.8058608058608059 0.8702097902097902 0.8058608058608059
0 0.9445554445554446 0.7600732600732601 0.9579620379620378 0.7600732600732601 0.9579620379620378 0.8040293040293042 0.9445554445554446 0.8040293040293042
0 0.8263336663336662 0.6208791208791209 0.8555844155844154 0.6208791208791209 0.8555844155844154 0.6794871794871796 0.8263336663336662 0.6794871794871796
0 0.7873326673326673 0.5128205128205128 0.8080519480519479 0.5128205128205128 0.8080519480519479 0.5769230769230769 0.7873326673326673 0.5769230769230769
0 0.13528471528471528 0.5073260073260073 0.1828171828171828 0.5073260073260073 0.1828171828171828 0.5641025641025641 0.13528471528471528 0.5641025641025641
0 0.4326673326673326 0.28205128205128205 0.48751248751248744 0.28205128205128205 0.48751248751248744 0.35714285714285715 0.4326673326673326 0.35714285714285715
0 0.48751248751248744 0.29304029304029305 0.5155444555444555 0.29304029304029305 0.5155444555444555 0.3516483516483516 0.48751248751248744 0.3516483516483516
