0 0.22075561730734145 0.3663003663003663 0.2857634064530616 0.3663003663003663 0.2857634064530616 0.43772893772893773 0.22075561730734145 0.43772893772893773
0 0.33451924831235175 0.4139194139194139 0.39275539275539284 0.4139194139194139 0.39275539275539284 0.47069597069597063 0.33451924831235175 0.47069597069597063
0 0.3616058271230685 0.2838827838827839 0.39546405063646445 0.2838827838827839 0.39546405063646445 0.3516483516483517 0.3616058271230685 0.3516483516483517
0 0.1896060516750172 0.532967032967033 0.2451335382369865 0.532967032967033 0.2451335382369865 0.6007326007326007 0.1896060516750172 0.6007326007326007
0 0.48620408965236556 0.08608058608058608 0.524125299987369 0.08608058608058608 0.524125299987369 0.12637362637362637 0.48620408965236556 0.12637362637362637
0 0.6013220495979117 0.47435897435897423 0.6433062467545227 0.47435897435897423 0.6433062467545227 0.5366300366300366 0.6013220495979117 0.5366300366300366
0 0.5268339578684407 0.5036630036630036 0.5674638260845157 0.5036630036630036 0.5674638260845157 0.5659340659340659 0.5268339578684407 0.5659340659340659
0 0.41307032686343026 0.6208791208791209 0.4469285503768262 0.6208791208791209 0.4469285503768262 0.6831501831501833 0.41307032686343026 0.6831501831501833
0 0.5498575498575499 0.7417582417582418 0.5837157733709459 0.7417582417582418 0.5837157733709459 0.7765567765567767 0.5498575498575499 0.7765567765567767
0 0.5891330891330891 0.8186813186813187 0.6284086284086283 0.8186813186813187 0.6284086284086283 0.8717948717948719 0.5891330891330891 0.8717948717948719
0 0.5227709710468331 0.8333333333333335 0.556629194560229 0.8333333333333335 0.556629194560229 0.9157509157509159 0.5227709710468331 0.9157509157509159
0 0.4469285503768263 0.7344322344322345 0.4943300632955806 0.7344322344322345 0.4943300632955806 0.8040293040293042 0.4469285503768263 0.8040293040293042
0 0.20179501213983975 0.6593406593406592 0.24919652505859402 0.6593406593406592 0.24919652505859402 0.7142857142857143 0.20179501213983975 0.7142857142857143
0 0.14491319663733457 0.7490842490842492 0.19231470955608887 0.7490842490842492 0.19231470955608887 0.7985347985347987 0.14491319663733457 0.7985347985347987
0 0.08532272325375773 0.6446886446886446 0.1340785651130479 0.6446886446886446 0.1340785651130479 0.727106227106227 0.08532272325375773 0.727106227106227
