0 0.009603009603009601 0.29853479853479853 0.10014567157424298 0.29853479853479853 0.10014567157424298 0.3937728937728938 0.009603009603009601 0.3937728937728938
0 0.041155755441469724 0.4157509157509158 0.13032655889798744 0.4157509157509158 0.13032655889798744 0.4963369963369964 0.041155755441469724 0.4963369963369964
0 0.1769697483983198 0.35714285714285715 0.26202497631069055 0.35714285714285715 0.26202497631069055 0.46153846153846156 0.1769697483983198 0.46153846153846156
0 0.292205863634435 0.38278388278388276 0.35531135531135527 0.38278388278388276 0.35531135531135527 0.467032967032967 0.292205863634435 0.467032967032967
0 0.2757435614578471 0.4304029304029304 0.34433648719363 0.4304029304029304 0.34433648719363 0.5256410256410257 0.2757435614578471 0.5256410256410257
0 0.3470802042230613 0.4597069597069597 0.41567312995884426 0.4597069597069597 0.41567312995884426 0.5183150183150184 0.3470802042230613 0.5183150183150184
0 0.4225324225324225 0.44871794871794873 0.5103313674742246 0.44871794871794873 0.5103313674742246 0.532967032967033 0.4225324225324225 0.532967032967033
0 0.4211605640177068 0.5146520146520146 0.4979846408417836 0.5146520146520146 0.4979846408417836 0.5695970695970696 0.4211605640177068 0.5695970695970696
0 0.36079878937021787 0.5293040293040293 0.4431103002531573 0.5293040293040293 0.4431103002531573 0.6117216117216117 0.36079878937021787 0.6117216117216117
0 0.5995021709307423 0.5476190476190477 0.6735825307253878 0.5476190476190477 0.6735825307253878 0.6025641025641025 0.5995021709307423 0.6025641025641025
0 0.5432559718274004 0.5842490842490843 0.5967584539013111 0.5842490842490843 0.5967584539013111 0.63003663003663 0.5432559718274004 0.63003663003663
0 0.49112534826820536 0.7252747252747253 0.5556026984598411 0.7252747252747253 0.5556026984598411 0.7710622710622711 0.49112534826820536 0.7710622710622711
0 0.705135276563848 0.6190476190476191 0.7723563437849151 0.6190476190476191 0.7723563437849151 0.6868131868131868 0.705135276563848 0.6868131868131868
0 0.7984216555645126 0.684981684981685 0.8697582983297267 0.684981684981685 0.8697582983297267 0.7362637362637363 0.7984216555645126 0.7362637362637363
0 0.9136577708006278 0.6666666666666665 0.9712758284186854 0.6666666666666665 0.9712758284186854 0.7326007326007324 0.9136577708006278 0.7326007326007324
0 0.8574115716972858 0.8296703296703299 0.9164014878300591 0.8296703296703299 0.9164014878300591 0.8772893772893774 0.8574115716972858 0.8772893772893774
0 0.9232607804036373 0.8058608058608059 0.9740195454481166 0.8058608058608059 0.9740195454481166 0.8754578754578756 0.9232607804036373 0.8754578754578756
