0 0.3699633699633699 0.4102564102564103 0.047619047619047665 0.04761904761904759
0 0.6227106227106227 0.5677655677655677 0.054945054945054965 0.047619047619047665
0 0.4716117216117216 0.4276556776556777 0.06043956043956044 0.034798534798534814
0 0.4615384615384615 0.38095238095238093 0.05494505494505489 0.03663003663003664
0 0.47252747252747257 0.28113553113553114 0.058608058608058615 0.04945054945054949
0 0.5347985347985348 0.22893772893772893 0.06959706959706956 0.04029304029304029
0 0.4734432234432234 0.17582417582417584 0.06776556776556773 0.04761904761904763
0 0.608058608058608 0.15934065934065933 0.07326007326007328 0.04029304029304029
0 0.6538461538461539 0.1043956043956044 0.09157509157509153 0.05494505494505495
0 0.6217948717948718 0.2664835164835165 0.05677655677655679 0.05311355311355314
0 0.5741758241758242 0.3031135531135531 0.038461538461538464 0.045787545787545764
