0 0.04156753899021941 0.12454212454212454 0.2665212794078774 0.12454212454212454
0 0.22984403912238968 0.2216117216117216 0.4670235263018769 0.2216117216117216
0 0.0 0.30439559880630435 0.2811921755220725 0.30439559880630435
0 0.13448321438012162 0.5054945054945055 0.29341792228390173 0.5054945054945055
0 0.39855934443563323 0.6758241758241759 0.5990615913296327 0.6758241758241759
0 0.7310996563573883 0.7564102564102564 0.9805048902987048 0.7564102564102564
0 0.46457837694951104 0.8553113553113554 0.5868358445678035 0.8553113553113554
0 0.08558022733280467 0.826007326007326 0.20294739624636535 0.826007326007326
0 0.29586307163626757 0.5238095238095238 0.5257071107586574 0.5238095238095238
0 0.5085910652920963 0.5787545787545788 0.674861221252974 0.5787545787545788
0 0.672416071900608 0.3717948717948718 1.0 0.3717948717948718
0 0.47680412371134023 0.007326007326007325 0.9951757864128999 0.007326007326007325
