0 0.37454212454212454 0.4157509157509158 0.042124542124542114 0.04395604395604394
0 0.6190476190476191 0.565018315018315 0.054945054945054965 0.03846153846153854
0 0.4716117216117216 0.434981684981685 0.07509157509157503 0.04578754578754584
0 0.4496336996336996 0.3717948717948718 0.053113553113553064 0.043956043956044015
0 0.46520146520146516 0.26556776556776557 0.04761904761904759 0.0622710622710623
0 0.4697802197802198 0.16117216117216115 0.04945054945054949 0.058608058608058594
0 0.5393772893772893 0.22710622710622708 0.04945054945054949 0.04029304029304033
0 0.5741758241758241 0.31135531135531136 0.034798534798534814 0.03663003663003657
0 0.6190476190476191 0.2619047619047619 0.07326007326007314 0.04395604395604394
0 0.5998168498168498 0.14743589743589744 0.05311355311355314 0.056776556776556804
0 0.6584249084249083 0.11355311355311354 0.10073260073260074 0.054945054945054944
