0 0.1493646768372043 0.44505494505494503 0.18763166015913266 0.44505494505494503
0 0.3172456359269546 0.23992673992673993 0.3592158756993922 0.23992673992673993
0 0.4036549531055026 0.36813186813186816 0.43451542352641254 0.36813186813186816
0 0.49993962081874177 0.33333333333333326 0.532034510056488 0.33333333333333326
0 0.5826456815467804 0.29120879120879123 0.6110373143340176 0.29120879120879123
0 0.5715359121952529 0.33882783882783885 0.6011619637993263 0.33882783882783885
0 0.6147405707845268 0.3498168498168498 0.6604140670074736 0.3498168498168498
0 0.7443545465523488 0.17216117216117216 0.7764494357900953 0.17216117216117216
0 0.5567228863932161 0.21245421245421242 0.5986931261656536 0.21245421245421242
0 0.5591917240268889 0.1575091575091575 0.5826456815467804 0.1575091575091575
0 0.5863489379972897 0.13186813186813187 0.6295535965865636 0.13186813186813187
