0 0.5485347985347986 0.5732600732600733 0.034798534798534744 0.06593406593406591
0 0.47527472527472525 0.7390109890109889 0.053113553113553064 0.049450549450549344
0 0.45146520146520147 0.7948717948717949 0.06776556776556773 0.04761904761904759
0 0.5384615384615385 0.8113553113553114 0.04029304029304022 0.043956043956044084
0 0.5842490842490843 0.7298534798534798 0.04395604395604394 0.06410256410256408
0 0.6245421245421245 0.8479853479853481 0.04761904761904759 0.05860805860805854
0 0.49175824175824173 0.9093406593406592 0.06410256410256415 0.03846153846153854
0 0.45421245421245415 0.9633699633699632 0.07326007326007321 0.03663003663003664
0 0.6336996336996337 0.5595238095238095 0.04761904761904759 0.04945054945054949
0 0.5641025641025641 0.6282051282051282 0.040293040293040365 0.06959706959706949
