0 0.48385614385614384 0.8278388278388278 0.5642957042957042 0.8278388278388278
0 0.6569230769230768 0.6630036630036629 0.691048951048951 0.6630036630036629
0 0.6910489510489509 0.8553113553113554 0.7263936063936063 0.8553113553113554
0 0.7775824175824175 0.717948717948718 0.7946453546453547 0.717948717948718
0 0.8860539460539459 0.6135531135531136 0.9323676323676322 0.6135531135531136
0 0.8555844155844154 0.6684981684981685 0.9396803196803196 0.6684981684981685
0 0.7934265734265733 0.4542124542124542 0.8702097902097901 0.4542124542124542
0 0.8921478521478521 0.09340659340659341 0.9664935064935065 0.09340659340659341
0 0.8470529470529471 0.2875457875457875 0.9189610389610388 0.2875457875457875
0 0.4899500499500499 0.23626373626373623 0.5789210789210789 0.23626373626373623
0 0.34369630369630366 0.29304029304029305 0.44363636363636366 0.29304029304029305
0 0.35832167832167827 0.4175824175824176 0.42413586413586407 0.4175824175824176
0 0.19256743256743256 0.5476190476190477 0.24619380619380613 0.5476190476190477
0 0.06459540459540458 0.6721611721611722 0.12675324675324673 0.6721611721611722
0 0.03778221778221778 0.5036630036630036 0.10115884115884115 0.5036630036630036
0 0.10603396603396602 0.4816849816849817 0.1584415584415584 0.4816849816849817
0 0.03656343656343656 0.4010989010989011 0.09506493506493505 0.4010989010989011
0 0.06215784215784215 0.2564102564102564 0.1365034965034965 0.2564102564102564
0 0.07434565434565434 0.3351648351648351 0.1584415584415584 0.3351648351648351
0 0.17428571428571427 0.29853479853479853 0.22303696303696302 0.29853479853479853
0 0.3315084915084915 0.04029304029304029 0.39366633366633363 0.04029304029304029
0 0.4143856143856144 0.04395604395604395 0.4887312687312687 0.04395604395604395
0 0.45704295704295705 0.16666666666666663 0.4997002997002997 0.16666666666666663
0 0.5996403596403596 0.18498168498168496 0.6557042957042957 0.18498168498168496
0 0.7178621378621378 0.391941391941392 0.762957042957043 0.391941391941392
0 0.5265134865134865 0.46336996336996333 0.5862337662337662 0.46336996336996333
0 0.43022977022977016 0.6556776556776556 0.4680119880119879 0.6556776556776556
