0 0.35344655344655335 0.5824175824175825 0.42291708291708285 0.5824175824175825
0 0.7885514485514484 0.7069597069597071 0.8860539460539459 0.7069597069597071
0 0.7739260739260739 0.30952380952380953 0.836083916083916 0.30952380952380953
0 0.8775224775224774 0.43772893772893773 0.9591808191808191 0.43772893772893773
0 0.769050949050949 0.532967032967033 0.8568031968031966 0.532967032967033
0 0.5679520479520479 0.46703296703296704 0.6142657342657342 0.46703296703296704
0 0.5435764235764236 0.6868131868131868 0.6106093906093906 0.6868131868131868
0 0.6032967032967033 0.8351648351648352 0.6691108891108889 0.8351648351648352
0 0.4826373626373626 0.8571428571428572 0.5557642357642358 0.8571428571428572
0 0.6447352647352647 0.7454212454212454 0.7227372627372627 0.7454212454212454
0 0.6374225774225774 0.5091575091575091 0.7032367632367632 0.5091575091575091
0 0.6812987012987012 0.4505494505494505 0.7458941058941059 0.4505494505494505
0 0.5655144855144855 0.5293040293040293 0.6154845154845154 0.5293040293040293
0 0.595984015984016 0.6355311355311355 0.658141858141858 0.6355311355311355
