0 0.37777557494052344 0.3131868131868132 0.26652127940787734 0.1611721611721612
0 0.12592519164684116 0.37545787545787546 0.23228918847475552 0.16849816849816845
0 0.40956251652127945 0.6034798534798534 0.23717948717948725 0.13003663003663
0 0.7665543219666933 0.2014652014652015 0.4279011366640234 0.3846153846153847
0 0.8105670103092786 0.44413919413919417 0.3398757599788529 0.11538461538461534
0 0.1650475812846947 0.20054945054945056 0.23717948717948723 0.141025641025641
0 0.8435765265662175 0.782051282051282 0.2151731430081945 0.09157509157509139
0 0.5636069257203279 0.8736263736263737 0.23228918847475546 0.06593406593406584
0 0.1332606397039387 0.8397435897435898 0.0709093312186096 0.04578754578754584
0 0.4902524451493525 0.6950549450549451 0.14915411049431676 0.06043956043956044
0 0.594171292624901 0.6135531135531136 0.19561194818926786 0.06227106227106219
0 0.23962463653185306 0.5604395604395604 0.15159925984668254 0.07326007326007321
