0 0.3772893772893773 0.30952380952380953 0.24542124542124544 0.1684981684981685
0 0.23992673992673993 0.5604395604395604 0.1648351648351648 0.051282051282051315
0 0.16025641025641024 0.1923076923076923 0.1886446886446886 0.1282051282051282
0 0.13095238095238096 0.3727106227106228 0.23626373626373628 0.15567765567765568
0 0.7417582417582418 0.19413919413919417 0.46520146520146516 0.3846153846153847
0 0.8324175824175825 0.43956043956043955 0.3351648351648352 0.14285714285714277
0 0.424908424908425 0.5915750915750914 0.2417582417582417 0.15750915750915742
0 0.5897435897435898 0.6172161172161172 0.19780219780219782 0.06593406593406591
0 0.5045787545787546 0.6886446886446886 0.22527472527472525 0.05494505494505489
0 0.15018315018315018 0.8498168498168499 0.06959706959706961 0.04029304029304015
0 0.543040293040293 0.8626373626373627 0.1153846153846154 0.0439560439560438
0 0.8617216117216117 0.7728937728937728 0.17399267399267387 0.12454212454212453
