0 0.4938513867085296 0.4395604395604395 0.5429094714809001 0.4395604395604395
0 0.3107012035583464 0.4871794871794872 0.3401360544217687 0.4871794871794872
0 0.43825222396650976 0.6117216117216118 0.5069335426478284 0.6117216117216118
0 0.2812663526949241 0.6062271062271062 0.3466771323914181 0.6062271062271062
0 0.2518315018315018 0.6996336996336996 0.2845368916797488 0.6996336996336996
0 0.08176347462061746 0.608058608058608 0.13736263736263737 0.608058608058608
0 0.019623233908948195 0.5256410256410257 0.06541077969649398 0.5256410256410257
0 0.17987964416535845 0.4963369963369964 0.2681841967556253 0.4963369963369964
0 0.4938513867085296 0.6630036630036629 0.5494505494505495 0.6630036630036629
0 0.7881998953427525 0.5934065934065934 0.8601517530088959 0.5934065934065934
0 0.8863160648874936 0.6227106227106227 0.9615384615384616 0.6227106227106227
0 0.7260596546310832 0.7619047619047619 0.817634746206175 0.7619047619047619
