0 0.04156753899021941 0.12454212454212454 0.2665212794078774 0.12454212454212454 0.2665212794078774 0.26739926739926745 0.04156753899021941 0.26739926739926745
0 0.22984403912238968 0.2216117216117216 0.4670235263018769 0.2216117216117216 0.4670235263018769 0.4249084249084249 0.22984403912238968 0.4249084249084249
0 0.0 0.30439559880630435 0.2811921755220725 0.30439559880630435 0.2811921755220725 0.4450549450549451 0.0 0.4450549450549451
0 0.13448321438012162 0.5054945054945055 0.29341792228390173 0.5054945054945055 0.29341792228390173 0.5989010989010989 0.13448321438012162 0.5989010989010989
0 0.39855934443563323 0.6758241758241759 0.5990615913296327 0.6758241758241759 0.5990615913296327 0.7307692307692306 0.39855934443563323 0.7307692307692306
0 0.7310996563573883 0.7564102564102564 0.9805048902987048 0.7564102564102564 0.9805048902987048 0.8186813186813188 0.7310996563573883 0.8186813186813188
0 0.46457837694951104 0.8553113553113554 0.5868358445678035 0.8553113553113554 0.5868358445678035 0.8992673992673994 0.46457837694951104 0.8992673992673994
0 0.08558022733280467 0.826007326007326 0.20294739624636535 0.826007326007326 0.20294739624636535 0.8754578754578755 0.08558022733280467 0.8754578754578755
0 0.29586307163626757 0.5238095238095238 0.5257071107586574 0.5238095238095238 0.5257071107586574 0.653846153846154 0.29586307163626757 0.653846153846154
0 0.5085910652920963 0.5787545787545788 0.674861221252974 0.5787545787545788 0.674861221252974 0.6593406593406592 0.5085910652920963 0.6593406593406592
0 0.672416071900608 0.3717948717948718 1.0 0.3717948717948718 1.0 0.5494505494505495 0.672416071900608 0.5494505494505495
0 0.47680412371134023 0.007326007326007325 0.9951757864128999 0.007326007326007325 0.9951757864128999 0.39194139194139205 0.47680412371134023 0.39194139194139205
