0 0.3246660402794232 0.6098901098901099 0.4519860560752754 0.6098901098901099 0.4519860560752754 0.7161172161172161 0.3246660402794232 0.7161172161172161
0 0.25718643190762147 0.7197802197802197 0.30302163759412826 0.7197802197802197 0.30302163759412826 0.8186813186813187 0.25718643190762147 0.8186813186813187
0 0.46853765812873616 0.7234432234432234 0.5080068630254504 0.7234432234432234 0.5080068630254504 0.8113553113553115 0.46853765812873616 0.8113553113553115
0 0.5793060718711276 0.7234432234432234 0.6251412775576344 0.7234432234432234 0.6251412775576344 0.8150183150183151 0.5793060718711276 0.8150183150183151
0 0.7269972901943161 0.7307692307692306 0.783018097144491 0.7307692307692306 0.783018097144491 0.8186813186813187 0.7269972901943161 0.8186813186813187
0 0.8033892996718275 0.7197802197802197 0.8441317047265002 0.7197802197802197 0.8441317047265002 0.7893772893772893 0.8033892996718275 0.7893772893772893
0 0.8543173059901684 0.7307692307692306 0.9052453123085091 0.7307692307692306 0.9052453123085091 0.7765567765567766 0.8543173059901684 0.7765567765567766
0 0.9167041137301359 0.716117216117216 0.9612661192586842 0.716117216117216 0.9612661192586842 0.7875457875457875 0.9167041137301359 0.7875457875457875
0 0.034376404264880096 0.7216117216117216 0.09930961232076471 0.7216117216117216 0.09930961232076471 0.8278388278388278 0.034376404264880096 0.8278388278388278
0 0.11713441453218404 0.7216117216117216 0.19352642400969536 0.7216117216117216 0.19352642400969536 0.7912087912087913 0.11713441453218404 0.7912087912087913
0 0.19734602448357094 0.727106227106227 0.2533668314337459 0.727106227106227 0.2533668314337459 0.8113553113553112 0.19734602448357094 0.8113553113553112
0 0.11076841374239142 0.3424908424908425 0.15660361942889822 0.3424908424908425 0.15660361942889822 0.43589743589743596 0.11076841374239142 0.43589743589743596
0 0.17697482195623457 0.3223443223443223 0.21007802606315615 0.3223443223443223 0.21007802606315615 0.4358974358974359 0.17697482195623457 0.4358974358974359
0 0.24190803001211922 0.3205128205128205 0.28137723490883343 0.3205128205128205 0.28137723490883343 0.43772893772893773 0.24190803001211922 0.43772893772893773
0 0.28647003554066747 0.3351648351648351 0.32975884091125723 0.3351648351648351 0.32975884091125723 0.4157509157509157 0.28647003554066747 0.4157509157509157
0 0.3399444421749254 0.3351648351648351 0.3794136470716396 0.3351648351648351 0.3794136470716396 0.43772893772893773 0.3399444421749254 0.43772893772893773
0 0.4265220529161049 0.3205128205128205 0.465991257812819 0.3205128205128205 0.465991257812819 0.43040293040293043 0.4265220529161049 0.43040293040293043
0 0.5283780655527867 0.3351648351648351 0.5716668709233764 0.3351648351648351 0.5716668709233764 0.43772893772893773 0.5283780655527867 0.43772893772893773
0 0.5945844737666298 0.34065934065934067 0.658244481664556 0.34065934065934067 0.658244481664556 0.43772893772893773 0.5945844737666298 0.43772893772893773
0 0.7117188882988139 0.34065934065934067 0.7511880931955279 0.34065934065934067 0.7511880931955279 0.4249084249084249 0.7117188882988139 0.4249084249084249
0 0.7053528875090213 0.152014652014652 0.7422756920898184 0.152014652014652 0.7422756920898184 0.24725274725274726 0.7053528875090213 0.24725274725274726
0 0.7779252965126571 0.16666666666666663 0.8212141018832468 0.16666666666666663 0.8212141018832468 0.2673992673992674 0.7779252965126571 0.2673992673992674
0 0.8861473099391314 0.16666666666666663 0.9370753162574723 0.16666666666666663 0.9370753162574723 0.27472527472527475 0.8861473099391314 0.27472527472527475
