0 0.9178934273273895 0.39560439560439564 0.965166908563135 0.39560439560439564 0.965166908563135 0.4340659340659341 0.9178934273273895 0.4340659340659341
0 0.9073882092750017 0.8095238095238096 0.9546616905107472 0.8095238095238096 0.9546616905107472 0.8406593406593409 0.9073882092750017 0.8406593406593409
0 0.8811251641440321 0.30036630036630035 0.9270854931232291 0.30036630036630035 0.9270854931232291 0.3424908424908425 0.8811251641440321 0.3424908424908425
0 0.818093855829705 0.25274725274725274 0.861427880295805 0.25274725274725274 0.861427880295805 0.29853479853479853 0.818093855829705 0.29853479853479853
0 0.8312253783951897 0.3278388278388278 0.8535489667565139 0.3278388278388278 0.8535489667565139 0.3772893772893773 0.8312253783951897 0.3772893772893773
0 0.739304720436796 0.3296703296703296 0.7892045061856382 0.3296703296703296 0.7892045061856382 0.3608058608058608 0.739304720436796 0.3608058608058608
0 0.6749602598659201 0.4267399267399267 0.7038496095099869 0.4267399267399267 0.7038496095099869 0.46153846153846156 0.6749602598659201 0.46153846153846156
0 0.6526366715045959 0.47619047619047616 0.6762734121224687 0.47619047619047616 0.6762734121224687 0.5036630036630036 0.6526366715045959 0.5036630036630036
0 0.7353652636671505 0.4597069597069597 0.7708203745939596 0.4597069597069597 0.7708203745939596 0.5036630036630036 0.7353652636671505 0.5036630036630036
0 0.7878913539290899 0.4816849816849817 0.8220333125993505 0.4816849816849817 0.8220333125993505 0.5183150183150185 0.7878913539290899 0.5183150183150185
0 0.7104153707927293 0.6428571428571429 0.7379915681802474 0.6428571428571429 0.7379915681802474 0.6959706959706959 0.7104153707927293 0.6959706959706959
