0 0.34615384615384615 0.38644688644688646 0.40476190476190477 0.38644688644688646 0.40476190476190477 0.4340659340659341 0.34615384615384615 0.4340659340659341
0 0.5842490842490843 0.5274725274725275 0.6501831501831502 0.5274725274725275 0.6501831501831502 0.6007326007326007 0.5842490842490843 0.6007326007326007
0 0.4230769230769231 0.35714285714285715 0.49267399267399276 0.35714285714285715 0.49267399267399276 0.3937728937728938 0.4230769230769231 0.3937728937728938
0 0.43772893772893773 0.41208791208791207 0.49267399267399276 0.41208791208791207 0.49267399267399276 0.4450549450549451 0.43772893772893773 0.4450549450549451
0 0.4468864468864469 0.14652014652014653 0.5018315018315018 0.14652014652014653 0.5018315018315018 0.2032967032967033 0.4468864468864469 0.2032967032967033
0 0.43772893772893773 0.25457875457875456 0.49633699633699635 0.25457875457875456 0.49633699633699635 0.30586080586080583 0.43772893772893773 0.30586080586080583
0 0.510989010989011 0.2032967032967033 0.5695970695970696 0.2032967032967033 0.5695970695970696 0.2582417582417583 0.510989010989011 0.2582417582417583
0 0.5402930402930403 0.2783882783882784 0.6007326007326007 0.2783882783882784 0.6007326007326007 0.32783882783882784 0.5402930402930403 0.32783882783882784
0 0.5860805860805861 0.23626373626373623 0.6593406593406593 0.23626373626373623 0.6593406593406593 0.2875457875457875 0.5860805860805861 0.2875457875457875
0 0.5805860805860806 0.12637362637362637 0.6318681318681318 0.12637362637362637 0.6318681318681318 0.17399267399267399 0.5805860805860806 0.17399267399267399
0 0.6135531135531136 0.07692307692307693 0.7051282051282052 0.07692307692307693 0.7051282051282052 0.1336996336996337 0.6135531135531136 0.1336996336996337
